17036594
17036596
17036597
17036598
17036599
17036600
17036601
17036604
17036605
17036606
17036607
17036608
17036611
17036612
17036613
17036615
17036616
17036617
17036618
17036619
17036621
17036622
17036624
17036625
17036626
17036627
17036628
17036629
17036630
17036631
17073024
17073025
17073027
17073029
17073030
17073031
17073032
17073033
17073035
17073037
17073038
17073039
17073040
17073042
17073043
17073044
17073045
17073046
17073047
17073048
17073049
17073050
17073052
17073053
17073055
17073057
17073058
17073059
17073060
17073061
17073063
17073064
17073065
17073067
17073070
17073071
17073073
17073074
17073075
17073076
17073077
17073078
17073079
17073081
17073083
17073084
17073085
17073086
17073087
17073088
17073089
17073090
17073091
17073092
17073093
17073094
17073095
17073096
17073097
17073098
